.Random.seed <-
c(403L, 10L, 954568757L, 100213708L, 75179810L, 1246583165L, 
-1283616137L, 1179397022L, -1465951656L, -600697925L, 685897049L, 
61738728L, -275501290L, 1298653329L, -689038013L, 325478482L, 
1823070948L, -788169433L, 838149501L, -1703302028L, -1252903334L, 
-700190043L, 1111414975L, 256551750L, 1172855248L, 947825651L, 
-1676504303L, 2030773056L, -1897862370L, -1411533847L, -1554048741L, 
-991923414L, 900052044L, 1028078607L, -1498564795L, 426156284L, 
-538112174L, 2037366989L, 337260679L, 1267364718L, 1565738312L, 
34517323L, -1985395543L, 1091393016L, 156081446L, -167231935L, 
-2125580333L, 2146299266L, 537674164L, -1168822985L, 1566074925L, 
119362884L, -856485270L, 890895573L, -1761764753L, 236588918L, 
-1919971168L, -248542877L, -1221613055L, 1876908400L, 1444038926L, 
1199233913L, 1032114955L, -2083365830L, -1913504964L, 692826239L, 
777409493L, -618988052L, 2067763010L, -1905954659L, 2031495447L, 
-1786240898L, -1709852616L, 1538739995L, 270212217L, 514229448L, 
-1908824842L, 1529263409L, 1732978019L, 650749746L, 1457811588L, 
-1257894713L, 1327275933L, 464907028L, -2111112774L, 2103709701L, 
-1551039009L, 1554733158L, -1694488592L, 30667027L, 1615867569L, 
122636640L, -1237573890L, 1980938889L, -1850075717L, -190500982L, 
-1295575444L, -920393745L, -1022582747L, 138064092L, 1673565874L, 
187996589L, -751948441L, -1121330546L, 1955906408L, -846275733L, 
1340294409L, 12254104L, -831030586L, 1838407713L, -1718967117L, 
-671263198L, 2026940436L, -1911681897L, 728524429L, 81708964L, 
567802250L, -1679882763L, 1858271311L, -1117900970L, -1505950208L, 
1646647107L, -1846440223L, 1845840976L, -1697131346L, -345239463L, 
-455831445L, -807016998L, 1555861148L, -896212833L, 1709308661L, 
1328138124L, 1897219682L, 1370774077L, 975160503L, 441940830L, 
-147415400L, 1659117051L, -373162087L, 188020776L, 910041302L, 
-333945519L, 1608848387L, 1536465810L, 976828708L, 877494247L, 
-745184195L, -338726220L, 1945469210L, -1973374363L, 929093375L, 
-1237333114L, -578908912L, 1219093939L, 547771985L, -1070656000L, 
-647253282L, 1072767273L, 31018203L, 1700838378L, -2001400948L, 
80563407L, 39646341L, -1190117572L, -1519927790L, 486513933L, 
934176327L, 333978670L, -1984773752L, -475015029L, 949678697L, 
-1118212552L, -1701697818L, -1928068479L, 883568147L, -1616602686L, 
813159028L, -883690377L, 1483939181L, 699007492L, 980836650L, 
-765733227L, 1216773423L, 271779894L, -491119520L, 480268963L, 
203867585L, 518082992L, 668012750L, -1798779335L, -1055805365L, 
943620602L, 1271381244L, -2106846913L, -1612599787L, -986649300L, 
2010619394L, -1355184931L, 1504419799L, -684934466L, -355910408L, 
1091216091L, 639801657L, -194945912L, -2114655178L, -756221839L, 
-1093629277L, -1885196302L, 613040964L, 1400409095L, -928290339L, 
-477718828L, 411630074L, -1481599675L, -1779056225L, -997776602L, 
-1246053456L, 2094983251L, 1250026353L, 1699754656L, -2123700674L, 
-380760759L, 960828411L, -1580001334L, -758331092L, -643054289L, 
-1916449819L, 1387418268L, -1581607182L, 455805626L, -668232560L, 
939923180L, -1361854892L, -1196431726L, -2095536352L, -909010996L, 
1059422432L, 731930306L, -967904216L, -1804444756L, -1268925764L, 
-1622611470L, -1549715920L, 1442224036L, 493932984L, 1512719194L, 
1665848464L, -1810371716L, 1092110100L, 1997450562L, -1786032384L, 
1408652220L, -1502097584L, -726701790L, -2146737592L, -1012273140L, 
1177130076L, -1170263598L, 20127232L, 300810580L, -1180323608L, 
-1284235014L, -1545853232L, -962670292L, -2097880844L, 1802964370L, 
-2127939232L, 277723148L, -1330167072L, -914544030L, -91364696L, 
1603422796L, 697921404L, -86321870L, -834320784L, 617141060L, 
2089961432L, 2096023418L, -342018512L, -401627204L, -2055326124L, 
-2027433918L, -55832416L, -401557828L, 1935395280L, -58645662L, 
-134815000L, 910319820L, -2107629060L, 1329754610L, 2022361728L, 
-1082827276L, -1926334840L, 461799226L, 1425625936L, 302673004L, 
145981844L, 1765749842L, 674062816L, -1076249396L, -416570208L, 
734975362L, -926856984L, -861522196L, -2073864900L, 1855835250L, 
-868325264L, 173391908L, 1558981688L, 969084698L, -648426288L, 
-1963057348L, -321140844L, -773442686L, -2108053056L, -1053606340L, 
-1243855472L, 1315151394L, -777444088L, -1240494452L, -1224179940L, 
-1111678830L, 2030844288L, -754457068L, 1409679144L, -1661797830L, 
-1303200304L, 405776748L, -1232190540L, -1908656110L, 740718048L, 
513091532L, 1950482656L, 1844639778L, -1303846616L, -1834557940L, 
-1433245892L, -1519148046L, 1325398768L, 1598164548L, 506954328L, 
1909092154L, -755145232L, 103651004L, 1756461332L, 372097730L, 
474911840L, -906435716L, -2001635376L, -1058479838L, -591160664L, 
-280454260L, 1692252348L, -1803989198L, 939592256L, 802741428L, 
1110803016L, 1934747066L, -305241584L, 1188999916L, -151985836L, 
1898701074L, -2029040224L, -1504050484L, -1345200544L, -1365919806L, 
-1128675544L, 1864118188L, 530137916L, 2086807922L, -867706064L, 
1005210916L, -1972229320L, -238846246L, 1275037584L, 7130876L, 
970042260L, 2048032834L, 109278464L, -2059598788L, -1265024688L, 
462262434L, 2067530056L, -2041260276L, -2059689252L, 866118994L, 
-970701696L, -697794476L, -1633742872L, 7178490L, 1634380624L, 
-1113604308L, -1844442764L, 842345362L, -1530492832L, -2125795956L, 
1314659168L, 1576245730L, 1597895592L, -609291060L, 848748540L, 
1722262962L, 909956592L, 228051908L, 1428800856L, 1363728762L, 
-1052081232L, 1219226044L, 1220057172L, 1451685826L, -1856901088L, 
-652076868L, -1333792176L, 1427141602L, -371507096L, 1450099788L, 
1697233148L, -380843022L, -320124672L, 442442100L, 802860040L, 
-282075206L, 1593684432L, 1179188204L, 210665876L, 1693979090L, 
638054752L, -648433844L, -1376224992L, 2050998146L, 1214476008L, 
-1254555412L, 1629746236L, -1647871118L, 368041584L, 1085199396L, 
-299029704L, -1207407462L, 1167651536L, 444326076L, 813821588L, 
-883943806L, 274278592L, -2112494788L, -224174960L, 881319458L, 
-2059939832L, -156861172L, 1571646620L, 691764754L, 912293760L, 
-36876780L, 2146200104L, -1692945094L, -1216575024L, -2007714708L, 
-1942879005L, -1320979803L, -2081902782L, -990745296L, 1771113817L, 
-1306272053L, 2070263612L, 1453645674L, -548049505L, -1317239767L, 
2121160382L, -950970452L, 1882455293L, -1133057977L, -664922320L, 
1249300558L, -50463621L, 1780805597L, 747257354L, 560841512L, 
-737415791L, -135457917L, -1848420220L, -194611534L, 1428392455L, 
-1371661743L, 1789014486L, 1454234804L, 431859909L, 263731727L, 
-1834413432L, -105543770L, 1030074195L, -1522831179L, 1117662738L, 
-1184691232L, -1462436279L, -1850057605L, -195338932L, -1682675494L, 
1418877135L, -1905990503L, -58619730L, 916223420L, 400576045L, 
-1973220905L, -375381984L, 80741758L, -923681973L, -168263347L, 
1212505978L, -1163349576L, 1437774689L, -1718680813L, 701618996L, 
73464130L, 1239866711L, -1124566879L, -577072794L, -940784796L, 
-1381897579L, 1623731135L, 306216792L, -2061511306L, -1147340925L, 
1277398469L, -400289054L, 611146576L, -1436375431L, 1674217899L, 
1360715548L, -1110120374L, -1870390209L, -2147025783L, 1977342110L, 
-702909108L, -444476131L, -52154201L, -1653702704L, 1497364334L, 
-1460945381L, -1161721987L, 1536150890L, -1184521208L, 1892560049L, 
-917386461L, 2107914276L, -2044151086L, -1677463769L, -1489178255L, 
1228502966L, -460379308L, 1918612965L, 1665798127L, 1533243176L, 
947623814L, 1891820467L, -1709325547L, -1896178318L, -831725120L, 
622555689L, 925398683L, -1535336596L, 90425210L, -1573658449L, 
-1760388167L, 932244942L, -951674596L, 1055657101L, 1371537655L, 
-1178719232L, 1792101982L, -1980665557L, -135491027L, -806120806L, 
816344664L, -424152639L, 1655496307L, 872094612L, -497397214L, 
1825373495L, -1701528575L, 287940870L, 285353284L, 276752501L, 
417343967L, -1872235208L, 790038294L, -1064188125L, -1449175835L, 
-1809944318L, -427842704L, -485188839L, -591267061L, 1160464380L, 
